familyName,pctFamilySurvived,nFamilySurvived,nFamilyDied,nSurvivedMinusNotSurvived
Abbing,0,0,1,-1
Abbott,50,2,2,0
Abelson,50,2,2,0
Adahl,0,0,1,-1
Adams,0,0,1,-1
Ahlin,0,0,1,-1
Aks,100,1,0,1
Albimona,100,1,0,1
Alexander,0,0,1,-1
Alhomaki,0,0,1,-1
Ali,0,0,4,-4
Allen,50,2,2,0
Allison,33,3,6,-3
Allum,0,0,1,-1
Andersen-Jensen,100,1,0,1
Anderson,100,1,0,1
Andersson,22,18,63,-45
Andreasson,0,0,1,-1
Andrew,0,0,1,-1
Andrews,50,2,2,0
Angle,100,1,0,1
Appleton,100,1,0,1
Arnold-Franchi,0,0,4,-4
Artagaveytia,0,0,1,-1
Asim,0,0,1,-1
Asplund,75,12,4,8
Astor,100,1,0,1
Attalah,0,0,4,-4
Aubart,100,1,0,1
Augustsson,0,0,1,-1
Ayoub,100,1,0,1
Backstrom,50,2,2,0
Baclini,100,16,0,16
Badt,0,0,1,-1
Bailey,0,0,1,-1
Balkic,0,0,1,-1
Ball,100,1,0,1
Banfield,0,0,1,-1
Barah,100,1,0,1
Barbara,0,0,4,-4
Barber,100,1,0,1
Barkworth,100,1,0,1
Barton,0,0,1,-1
Bateman,0,0,1,-1
Baumann,0,0,1,-1
Baxter,50,2,2,0
Bazzani,100,1,0,1
Beane,100,4,0,4
Beavan,0,0,1,-1
Becker,100,4,0,4
Beckwith,100,4,0,4
Beesley,100,1,0,1
Behr,100,1,0,1
Bengtsson,0,0,1,-1
Berglund,0,0,1,-1
Berriman,0,0,1,-1
Betros,0,0,1,-1
Bidois,100,1,0,1
Bing,100,1,0,1
Birkeland,0,0,1,-1
Bishop,100,4,0,4
Bissette,100,1,0,1
Bjornstrom-Steffansson,100,1,0,1
Blackwell,0,0,1,-1
Blank,100,1,0,1
Bonnell,100,1,0,1
Bostandyeff,0,0,1,-1
Boulos,0,0,9,-9
Bourke,0,0,9,-9
Bowen,0,0,1,-1
Bowerman,100,1,0,1
Bracken,0,0,1,-1
Bradley,100,1,0,1
Braund,0,0,4,-4
Brewe,0,0,1,-1
Brocklebank,0,0,1,-1
Brown,75,12,4,8
Bryhl,0,0,1,-1
Burke,0,0,1,-1
Burns,100,1,0,1
Buss,100,1,0,1
Butler,0,0,1,-1
Butt,0,0,1,-1
Byles,0,0,1,-1
Bystrom,100,1,0,1
Cacic,0,0,4,-4
Cairns,0,0,1,-1
Calderhead,100,1,0,1
Caldwell,100,4,0,4
Calic,0,0,4,-4
Cameron,100,1,0,1
Campbell,0,0,1,-1
Canavan,0,0,1,-1
Cann,0,0,1,-1
Caram,0,0,1,-1
Carbines,0,0,1,-1
Cardeza,100,1,0,1
Carlsson,0,0,4,-4
Carr,100,1,0,1
Carrau,0,0,1,-1
Carter,66,24,12,12
Cavendish,0,0,1,-1
Celotti,0,0,1,-1
Chaffee,0,0,1,-1
Chambers,100,4,0,4
Chapman,0,0,4,-4
Charters,0,0,1,-1
Cherry,100,1,0,1
Chibnall,100,1,0,1
Chip,100,1,0,1
Christmann,0,0,1,-1
Christy,100,1,0,1
Chronopoulos,0,0,1,-1
Clarke,100,1,0,1
Cleaver,100,1,0,1
Clifford,0,0,1,-1
Coelho,0,0,1,-1
Cohen,100,1,0,1
Coleff,0,0,4,-4
Coleridge,0,0,1,-1
Collander,0,0,1,-1
Colley,0,0,1,-1
Collyer,66,6,3,3
Compton,100,1,0,1
Connaghton,0,0,1,-1
Connolly,100,1,0,1
Connors,0,0,1,-1
Cook,0,0,1,-1
Cor,0,0,1,-1
Corn,0,0,1,-1
Coutts,100,4,0,4
Coxon,0,0,1,-1
Crease,0,0,1,-1
Cribb,0,0,1,-1
Crosby,50,2,2,0
Culumovic,0,0,1,-1
Cumings,100,1,0,1
Cunningham,0,0,1,-1
Dahl,100,1,0,1
Dahlberg,0,0,1,-1
Dakic,0,0,1,-1
Daly,100,4,0,4
Danbom,0,0,4,-4
Daniel,100,1,0,1
Danoff,0,0,1,-1
Dantcheff,0,0,1,-1
Davidson,0,0,1,-1
Davies,33,3,6,-3
Davis,100,1,0,1
Davison,100,1,0,1
de Messemaeker,100,1,0,1
de Mulder,100,1,0,1
de Pelsmaeker,0,0,1,-1
Dean,50,2,2,0
del Carlo,0,0,1,-1
Denkoff,0,0,1,-1
Dennis,0,0,1,-1
Devaney,100,1,0,1
Dick,100,4,0,4
Dimic,0,0,1,-1
Dodge,100,1,0,1
Doharr,0,0,1,-1
Doling,100,4,0,4
Dooley,0,0,1,-1
Dorking,100,1,0,1
Douglas,0,0,1,-1
Dowdell,100,1,0,1
Downton,0,0,1,-1
Drazenoic,0,0,1,-1
Drew,100,1,0,1
Duane,0,0,1,-1
Duff Gordon,100,4,0,4
Duran y More,100,1,0,1
Edvardsson,0,0,1,-1
Eitemiller,0,0,1,-1
Eklund,0,0,1,-1
Ekstrom,0,0,1,-1
Elias,0,0,9,-9
Elsbury,0,0,1,-1
Emanuel,100,1,0,1
Emir,0,0,1,-1
Endres,100,1,0,1
Eustis,100,1,0,1
Fahlstrom,0,0,1,-1
Farrell,0,0,1,-1
Farthing,0,0,1,-1
Faunthorpe,100,1,0,1
Fischer,0,0,1,-1
Fleming,100,1,0,1
Flynn,33,3,6,-3
Foo,100,1,0,1
Ford,0,0,16,-16
Foreman,0,0,1,-1
Fortune,50,8,8,0
Fox,0,0,1,-1
Francatelli,100,1,0,1
Frauenthal,100,4,0,4
Frolicher,100,1,0,1
Frolicher-Stehli,100,1,0,1
Frost,0,0,1,-1
Fry,0,0,1,-1
Funk,0,0,1,-1
Futrelle,50,2,2,0
Fynney,0,0,1,-1
Gale,0,0,1,-1
Gallagher,0,0,1,-1
Garfirth,0,0,1,-1
Garside,100,1,0,1
Gaskell,0,0,1,-1
Gavey,0,0,1,-1
Gee,0,0,1,-1
Gheorgheff,0,0,1,-1
Giglio,0,0,1,-1
Giles,0,0,1,-1
Gilinski,0,0,1,-1
Gill,0,0,1,-1
Gillespie,0,0,1,-1
Gilnagh,100,1,0,1
Givard,0,0,1,-1
Glynn,100,1,0,1
Goldenberg,100,4,0,4
Goldschmidt,0,0,1,-1
Goldsmith,66,6,3,3
Goncalves,0,0,1,-1
Goodwin,0,0,36,-36
Graham,66,6,3,3
Green,0,0,1,-1
Greenberg,0,0,1,-1
Greenfield,100,1,0,1
Gronnestad,0,0,1,-1
Guggenheim,0,0,1,-1
Gustafsson,0,0,16,-16
Haas,0,0,1,-1
Hagland,0,0,4,-4
Hakkarainen,50,2,2,0
Hale,0,0,1,-1
Hamalainen,100,4,0,4
Hampe,0,0,1,-1
Hanna,0,0,1,-1
Hansen,0,0,9,-9
Harder,100,1,0,1
Harknett,0,0,1,-1
Harmer,0,0,1,-1
Harper,75,12,4,8
Harrington,0,0,1,-1
Harris,50,8,8,0
Harrison,0,0,1,-1
Hart,50,8,8,0
Hassab,100,1,0,1
Hassan,0,0,1,-1
Hawksford,100,1,0,1
Hays,100,4,0,4
Healy,100,1,0,1
Hedman,100,1,0,1
Hegarty,0,0,1,-1
Heikkinen,100,1,0,1
Heininen,0,0,1,-1
Hendekovic,0,0,1,-1
Henry,0,0,1,-1
Herman,100,4,0,4
Hewlett,100,1,0,1
Hickman,0,0,9,-9
Hippach,100,4,0,4
Hirvonen,100,1,0,1
Hocking,50,2,2,0
Hodges,0,0,1,-1
Hogeboom,100,1,0,1
Hold,0,0,1,-1
Holm,0,0,1,-1
Holverson,50,2,2,0
Homer,100,1,0,1
Honkanen,100,1,0,1
Hood,0,0,1,-1
Horgan,0,0,1,-1
Hosono,100,1,0,1
Hoyt,66,6,3,3
Humblen,0,0,1,-1
Hunt,0,0,1,-1
Ibrahim Shawah,0,0,1,-1
Icard,100,1,0,1
Ilett,100,1,0,1
Ilmakangas,0,0,1,-1
Isham,0,0,1,-1
Ivanoff,0,0,1,-1
Jacobsohn,50,2,2,0
Jalsevac,100,1,0,1
Jansson,100,1,0,1
Jardin,0,0,1,-1
Jarvis,0,0,1,-1
Jenkin,0,0,1,-1
Jensen,0,0,9,-9
Jermyn,100,1,0,1
Jerwan,100,1,0,1
Johannesen-Bratthammer,100,1,0,1
Johanson,0,0,1,-1
Johansson,0,0,9,-9
Johnson,50,18,18,0
Johnston,0,0,4,-4
Jonkoff,0,0,1,-1
Jonsson,100,1,0,1
Jussila,33,3,6,-3
Kallio,0,0,1,-1
Kalvik,0,0,1,-1
Kantor,50,2,2,0
Karaic,0,0,1,-1
Karlsson,0,0,1,-1
Karun,100,1,0,1
Kassem,0,0,1,-1
Keane,50,2,2,0
Keefe,0,0,1,-1
Kelly,75,12,4,8
Kent,0,0,1,-1
Kenyon,100,1,0,1
Kiernan,0,0,1,-1
Kilgannon,0,0,1,-1
Kimball,100,1,0,1
Kink,0,0,1,-1
Kink-Heilmann,100,1,0,1
Kirkland,0,0,1,-1
Klaber,0,0,1,-1
Klasen,0,0,1,-1
Knight,0,0,1,-1
Kraeff,0,0,1,-1
Kvillner,0,0,1,-1
Lahoud,0,0,1,-1
Lahtinen,0,0,1,-1
Laitinen,0,0,1,-1
Laleff,0,0,1,-1
Lam,50,2,2,0
Landergren,100,1,0,1
Lang,100,1,0,1
Laroche,66,6,3,3
Larsson,0,0,4,-4
Leader,100,1,0,1
Leeni,100,1,0,1
Lefebre,0,0,16,-16
Lehmann,100,1,0,1
Leinonen,0,0,1,-1
Leitch,100,1,0,1
Lemberopolous,0,0,1,-1
Lemore,100,1,0,1
Lennon,0,0,1,-1
Leonard,0,0,1,-1
LeRoy,100,1,0,1
Lester,0,0,1,-1
Lesurer,100,1,0,1
Levy,0,0,1,-1
Lewy,0,0,1,-1
Leyson,0,0,1,-1
Lievens,0,0,1,-1
Lindahl,0,0,1,-1
Lindblom,0,0,1,-1
Lindell,0,0,1,-1
Lindqvist,100,1,0,1
Lines,100,1,0,1
Ling,0,0,1,-1
Lobb,0,0,4,-4
Long,0,0,1,-1
Longley,100,1,0,1
Louch,100,1,0,1
Lovell,0,0,1,-1
Lulic,100,1,0,1
Lundahl,0,0,1,-1
Lurette,100,1,0,1
Mack,0,0,1,-1
Madigan,100,1,0,1
Madill,100,1,0,1
Madsen,100,1,0,1
Maenpaa,0,0,1,-1
Maioni,100,1,0,1
Maisner,0,0,1,-1
Mallet,50,2,2,0
Mamee,100,1,0,1
Mangan,0,0,1,-1
Mannion,100,1,0,1
Marechal,100,1,0,1
Markoff,0,0,1,-1
Markun,0,0,1,-1
Marvin,0,0,1,-1
Masselmani,100,1,0,1
Matthews,0,0,1,-1
Mayne,100,1,0,1
McCarthy,0,0,1,-1
McCormack,100,1,0,1
McCoy,100,4,0,4
McDermott,100,1,0,1
McEvoy,0,0,1,-1
McGough,100,1,0,1
McGovern,100,1,0,1
McGowan,100,1,0,1
McKane,0,0,1,-1
McMahon,0,0,1,-1
McNamee,0,0,1,-1
Meanwell,0,0,1,-1
Meek,0,0,1,-1
Mellinger,100,4,0,4
Mellors,100,1,0,1
Meo,0,0,1,-1
Mernagh,0,0,1,-1
Meyer,33,3,6,-3
Millet,0,0,1,-1
Milling,0,0,1,-1
Minahan,50,2,2,0
Mineff,0,0,1,-1
Mionoff,0,0,1,-1
Mitchell,0,0,1,-1
Mitkoff,0,0,1,-1
Mockler,100,1,0,1
Moen,0,0,1,-1
Molson,0,0,1,-1
Montvila,0,0,1,-1
Moor,100,4,0,4
Moore,0,0,1,-1
Moran,33,3,6,-3
Moraweck,0,0,1,-1
Morley,0,0,4,-4
Morrow,0,0,1,-1
Moss,100,1,0,1
Moubarek,100,4,0,4
Moussa,100,1,0,1
Moutal,0,0,1,-1
Mudd,0,0,1,-1
Mullens,100,1,0,1
Murdlin,0,0,1,-1
Murphy,100,4,0,4
Myhrman,0,0,1,-1
Naidenoff,0,0,1,-1
Najib,100,1,0,1
Nakid,100,4,0,4
Nankoff,0,0,1,-1
Nasser,50,2,2,0
Natsch,0,0,1,-1
Navratil,66,6,3,3
Nenkoff,0,0,1,-1
Newell,66,6,3,3
Newsom,100,1,0,1
Nicholls,0,0,1,-1
Nicholson,0,0,1,-1
Nicola-Yarred,100,4,0,4
Nilsson,100,1,0,1
Nirva,0,0,1,-1
Niskanen,100,1,0,1
Norman,0,0,1,-1
Nosworthy,0,0,1,-1
Novel,0,0,1,-1
Nye,100,1,0,1
Nysten,100,1,0,1
Nysveen,0,0,1,-1
O'Brien,33,3,6,-3
O'Connell,0,0,1,-1
O'Connor,0,0,1,-1
O'Driscoll,100,1,0,1
O'Dwyer,100,1,0,1
O'Leary,100,1,0,1
O'Sullivan,0,0,1,-1
Odahl,0,0,1,-1
Ohman,100,1,0,1
Olsen,0,0,9,-9
Olsson,0,0,4,-4
Olsvigen,0,0,1,-1
Oreskovic,0,0,4,-4
Osen,0,0,1,-1
Osman,100,1,0,1
Ostby,0,0,1,-1
Otter,0,0,1,-1
Padro y Manent,100,1,0,1
Pain,0,0,1,-1
Palsson,0,0,16,-16
Panula,0,0,36,-36
Parkes,0,0,1,-1
Parr,0,0,1,-1
Parrish,100,1,0,1
Partner,0,0,1,-1
Pasic,0,0,1,-1
Patchett,0,0,1,-1
Paulner,0,0,1,-1
Pavlovic,0,0,1,-1
Pears,50,2,2,0
Peduzzi,0,0,1,-1
Pekoniemi,0,0,1,-1
Penasco y Castellana,50,2,2,0
Pengelly,0,0,1,-1
Perkin,0,0,1,-1
Pernot,0,0,1,-1
Perreault,100,1,0,1
Persson,100,1,0,1
Peter,100,4,0,4
Peters,0,0,1,-1
Petranec,0,0,1,-1
Petroff,0,0,4,-4
Petterson,0,0,1,-1
Pettersson,0,0,1,-1
Peuchen,100,1,0,1
Phillips,100,1,0,1
Pickard,100,1,0,1
Pinsky,100,1,0,1
Plotcharsky,0,0,1,-1
Ponesell,0,0,1,-1
Porter,0,0,1,-1
Potter,100,1,0,1
Quick,100,4,0,4
Radeff,0,0,1,-1
Razi,0,0,1,-1
Reed,0,0,1,-1
Reeves,0,0,1,-1
Rekic,0,0,1,-1
Renouf,50,2,2,0
Reuchlin,0,0,1,-1
Reynaldo,100,1,0,1
Rice,0,0,25,-25
Richard,0,0,1,-1
Richards,100,9,0,9
Ridsdale,100,1,0,1
Ringhini,0,0,1,-1
Rintamaki,0,0,1,-1
Risien,0,0,1,-1
Robbins,0,0,1,-1
Robert,100,1,0,1
Robins,0,0,1,-1
Roebling,0,0,1,-1
Rogers,0,0,1,-1
Romaine,100,1,0,1
Rommetvedt,0,0,1,-1
Rood,0,0,1,-1
Rosblom,0,0,4,-4
Ross,0,0,1,-1
Rothes,100,1,0,1
Rothschild,100,1,0,1
Rouse,0,0,1,-1
Rugg,100,1,0,1
Rush,0,0,1,-1
Ryan,0,0,1,-1
Ryerson,100,4,0,4
Saad,0,0,4,-4
Saalfeld,100,1,0,1
Sadlier,0,0,1,-1
Sage,0,0,49,-49
Sagesser,100,1,0,1
Salkjelsvik,100,1,0,1
Salonen,0,0,1,-1
Samaan,0,0,1,-1
Sandstrom,100,4,0,4
Saundercock,0,0,1,-1
Sawyer,0,0,1,-1
Scanlan,0,0,1,-1
Sdycoff,0,0,1,-1
Sedgwick,0,0,1,-1
Serepeca,100,1,0,1
Seward,100,1,0,1
Sharp,0,0,1,-1
Sheerlinck,100,1,0,1
Shellard,0,0,1,-1
Shelley,100,1,0,1
Shorney,0,0,1,-1
Shutes,100,1,0,1
Silven,100,1,0,1
Silverthorne,100,1,0,1
Silvey,50,2,2,0
Simmons,0,0,1,-1
Simonius-Blumer,100,1,0,1
Sinkkonen,100,1,0,1
Sirayanian,0,0,1,-1
Sirota,0,0,1,-1
Sivic,0,0,1,-1
Sivola,0,0,1,-1
Sjoblom,100,1,0,1
Sjostedt,0,0,1,-1
Skoog,0,0,36,-36
Slabenoff,0,0,1,-1
Slayter,100,1,0,1
Slemen,0,0,1,-1
Slocovski,0,0,1,-1
Sloper,100,1,0,1
Smart,0,0,1,-1
Smiljanic,0,0,1,-1
Smith,25,4,12,-8
Sobey,0,0,1,-1
Soholt,0,0,1,-1
Somerton,0,0,1,-1
Spedden,100,1,0,1
Spencer,100,1,0,1
Stahelin-Maeglin,100,1,0,1
Staneff,0,0,1,-1
Stankovic,0,0,1,-1
Stanley,50,2,2,0
Stead,0,0,1,-1
Stephenson,100,1,0,1
Stewart,0,0,1,-1
Stone,100,1,0,1
Stoytcheff,0,0,1,-1
Strandberg,0,0,1,-1
Stranden,100,1,0,1
Strom,0,0,4,-4
Sunderland,100,1,0,1
Sundman,100,1,0,1
Sutehall,0,0,1,-1
Sutton,0,0,1,-1
Svensson,0,0,4,-4
Swift,100,1,0,1
Taussig,66,6,3,3
Taylor,100,4,0,4
Thayer,66,6,3,3
Theobald,0,0,1,-1
Thomas,100,1,0,1
Thorne,100,1,0,1
Thorneycroft,50,2,2,0
Tikkanen,0,0,1,-1
Tobin,0,0,1,-1
Todoroff,0,0,1,-1
Tomlin,0,0,1,-1
Toomey,100,1,0,1
Torber,0,0,1,-1
Tornquist,100,1,0,1
Toufik,0,0,1,-1
Touma,100,1,0,1
Troupiansky,0,0,1,-1
Trout,100,1,0,1
Troutt,100,1,0,1
Turcin,0,0,1,-1
Turja,100,1,0,1
Turkula,100,1,0,1
Turpin,0,0,4,-4
Uruchurtu,0,0,1,-1
van Billiard,0,0,1,-1
Van der hoef,0,0,1,-1
Van Impe,0,0,9,-9
van Melkebeke,0,0,1,-1
Vande Velde,0,0,1,-1
Vande Walle,0,0,1,-1
Vanden Steen,0,0,1,-1
Vander Cruyssen,0,0,1,-1
Vander Planke,0,0,9,-9
Vestrom,0,0,1,-1
Vovk,0,0,1,-1
Waelens,0,0,1,-1
Walker,0,0,1,-1
Ward,100,1,0,1
Warren,100,1,0,1
Watson,0,0,1,-1
Watt,100,1,0,1
Webber,50,2,2,0
Weir,0,0,1,-1
Weisz,100,1,0,1
Wells,100,1,0,1
West,66,6,3,3
Wheadon,0,0,1,-1
White,0,0,4,-4
Wick,100,4,0,4
Widegren,0,0,1,-1
Widener,0,0,1,-1
Wiklund,0,0,1,-1
Wilhelms,100,1,0,1
Willey,0,0,1,-1
Williams,25,4,12,-8
Williams-Lambert,0,0,1,-1
Windelov,0,0,1,-1
Wiseman,0,0,1,-1
Woolner,100,1,0,1
Wright,0,0,1,-1
Yasbeck,50,2,2,0
Young,100,1,0,1
Youseff,0,0,1,-1
Yousif,0,0,1,-1
Yousseff,0,0,1,-1
Yrois,0,0,1,-1
Zabour,0,0,4,-4
Zimmerman,0,0,1,-1
